0 28114.6
1 1.61812e+07
2 1.25076e+07
3 1.40549e+07
4 1.27453e+07
5 1.06373e+07
6 9.26899e+06
7 8.34535e+06
8 7.26131e+06
9 6.51369e+06
10 5.77628e+06
11 5.19728e+06
12 4.67303e+06
13 4.24962e+06
14 3.86478e+06
15 3.49735e+06
16 3.24954e+06
17 2.96221e+06
18 2.76066e+06
19 2.56682e+06
20 2.39141e+06
21 2.24047e+06
22 2.09159e+06
23 1.95279e+06
24 1.8283e+06
25 1.70945e+06
26 1.60868e+06
27 1.50933e+06
28 1.4228e+06
29 1.33864e+06
30 1.26338e+06
31 1.19031e+06
32 1.1275e+06
33 1.06836e+06
34 1.01292e+06
35 963026
36 915441
37 871175
38 830003
39 791529
40 755930
41 722738
42 692698
43 664760
44 638468
45 613693
46 591223
47 569672
48 549872
49 531105
50 513990
51 498445
52 484617
53 471789
54 460603
55 449819
56 439853
57 430522
58 421122
59 412780
60 404830
61 397691
62 391093
63 384928
64 379645
65 374526
66 370296
67 366330
68 362908
69 360018
70 357689
71 355629
72 353889
73 352452
74 351276
75 350256
76 349516
77 348903
78 348422
79 348026
80 347749
81 347620
82 347491
83 347420
84 347394
85 347391
86 347390
87 347390
88 347390
89 347390
90 347390
91 347390
92 347390
93 347390
94 347390
95 347390
96 347390
97 347390
98 347390
99 347390
