0 1.49257e+07
1 1.32489e+07
2 9.67893e+06
3 7.5913e+06
4 5.81549e+06
5 4.67303e+06
6 3.77831e+06
7 3.12519e+06
8 2.65475e+06
9 2.28813e+06
10 1.97428e+06
11 1.71214e+06
12 1.49545e+06
13 1.31205e+06
14 1.15829e+06
15 1.0326e+06
16 923760
17 830003
18 750048
19 683766
20 626019
21 576983
22 534472
23 499013
24 470213
25 447035
26 425994
27 407660
28 392274
29 379778
30 369735
31 362136
32 356665
33 352944
34 350463
35 348961
36 348012
37 347550
38 347403
39 347390
40 347390
41 347390
42 347390
43 347390
44 347390
45 347390
46 347390
47 347390
48 347390
49 347390
50 347390
51 347390
52 347390
53 347390
54 347390
55 347390
56 347390
57 347390
58 347390
59 347390
60 347390
61 347390
62 347390
63 347390
64 347390
65 347390
66 347390
67 347390
68 347390
69 347390
70 347390
71 347390
72 347390
73 347390
74 347390
75 347390
76 347390
77 347390
78 347390
79 347390
