0 1.86257e+07
1 0
2 0
3 0
4 0
5 0
6 1.47455e+07
7 0
8 0
9 1.53858e+07
10 0
11 0
12 1.04061e+07
13 0
14 8.70257e+06
15 0
16 7.42741e+06
17 0
18 2.07857e+07
19 2.19306e+07
20 2.02193e+07
21 1.78574e+07
22 5.3996e+06
23 1.02491e+07
24 2.63874e+06
25 1.18688e+07
26 8.87042e+06
27 1.48797e+07
28 1.0741e+07
29 7.39373e+06
30 7.56047e+06
31 7.62469e+06
32 7.97387e+06
33 6.26282e+06
34 5.62076e+06
35 7.55101e+06
36 5.54096e+06
37 5.18442e+06
38 4.70798e+06
39 4.41068e+06
40 4.3297e+06
41 4.05462e+06
42 3.32565e+06
43 3.1472e+06
44 2.88636e+06
45 2.81638e+06
46 2.7629e+06
47 2.06208e+06
48 1.90858e+06
49 1.91801e+06
50 1.80176e+06
51 1.5082e+06
52 1.54112e+06
53 1.36137e+06
54 1.27873e+06
55 1.13682e+06
56 952544
57 802581
58 806453
59 648920
60 578219
61 505947
62 456916
63 407379
64 364822
65 322158
66 289807
67 273841
68 253124
69 238768
70 219878
71 199819
72 165683
73 120701
74 97895.6
75 75896.7
76 52921.8
77 25709.9
78 11597.9
79 2192.05
