0 25686.6
1 1.73132e+07
2 1.10995e+07
3 1.52218e+07
4 1.13616e+07
5 8.17439e+06
6 6.62657e+06
7 6.71563e+06
8 4.66799e+06
9 4.69988e+06
10 3.59031e+06
11 3.32178e+06
12 2.84275e+06
13 2.71177e+06
14 2.1885e+06
15 1.8745e+06
16 2.06354e+06
17 1.53977e+06
18 1.69282e+06
19 1.4977e+06
20 1.35543e+06
21 1.30813e+06
22 1.11509e+06
23 1.01337e+06
24 919411
25 833079
26 830638
27 718637
28 672848
29 625353
30 569136
31 527011
32 518043
33 493683
34 450933
35 447705
36 407239
37 381618
38 371055
39 352543
40 333118
41 329172
42 330082
43 323550
44 303097
45 290576
46 287275
47 278384
48 277135
49 273449
50 260340
51 255922
52 245660
53 238602
54 238160
55 220927
56 212279
57 196447
58 174169
59 167616
60 154583
61 146648
62 135354
63 132695
64 127558
65 113990
66 113986
67 101765
68 95017.3
69 83653.6
70 81024
71 69373.8
72 49082.2
73 41705.2
74 39172.4
75 37499.2
76 32753.7
77 26920.4
78 19582.7
79 11406.9
80 7785.03
81 5407.25
82 4129.12
83 2855.91
84 2715.24
85 0
86 0
87 0
88 0
89 0
90 0
91 0
92 0
93 0
94 0
95 0
96 0
97 0
98 0
99 0
