0 1.86257e+07
1 1.49257e+07
2 1.559e+07
3 1.32489e+07
4 1.19084e+07
5 9.80973e+06
6 8.77555e+06
7 7.69279e+06
8 6.68808e+06
9 5.86759e+06
10 5.24693e+06
11 4.68305e+06
12 4.24962e+06
13 3.81683e+06
14 3.45677e+06
15 3.16412e+06
16 2.90319e+06
17 2.67883e+06
18 2.48218e+06
19 2.29959e+06
20 2.14715e+06
21 1.99539e+06
22 1.85534e+06
23 1.72692e+06
24 1.62056e+06
25 1.51236e+06
26 1.4187e+06
27 1.32728e+06
28 1.24725e+06
29 1.17326e+06
30 1.10501e+06
31 1.04401e+06
32 987126
33 935478
34 886500
35 841376
36 798714
37 760471
38 724516
39 692698
40 662241
41 634111
42 608261
43 584189
44 561478
45 540726
46 521535
47 504464
48 488632
49 474877
50 462370
51 450943
52 439876
53 429788
54 419841
55 411073
56 402699
57 395333
58 388266
59 382200
60 376576
61 371625
62 367314
63 363454
64 360357
65 357737
66 355573
67 353703
68 352222
69 350992
70 350032
71 349265
72 348670
73 348195
74 347860
75 347629
76 347491
77 347420
78 347394
79 347390
