0 1.86257e+07
1 1.86257e+07
2 1.86257e+07
3 1.86257e+07
4 1.86257e+07
5 1.86257e+07
6 1.64084e+07
7 1.64084e+07
8 1.64084e+07
9 1.61812e+07
10 1.61812e+07
11 1.61812e+07
12 1.49257e+07
13 1.49257e+07
14 1.23726e+07
15 1.23726e+07
16 1.12091e+07
17 1.12091e+07
18 1.25076e+07
19 1.46154e+07
20 1.559e+07
21 1.58516e+07
22 1.54645e+07
23 1.40549e+07
24 1.36818e+07
25 1.32489e+07
26 1.27135e+07
27 1.30078e+07
28 1.27568e+07
29 1.19084e+07
30 1.12427e+07
31 1.06373e+07
32 1.03154e+07
33 9.63115e+06
34 9.13496e+06
35 8.84457e+06
36 8.42411e+06
37 7.93204e+06
38 7.45722e+06
39 7.01102e+06
40 6.60283e+06
41 6.18099e+06
42 5.77628e+06
43 5.33934e+06
44 4.96948e+06
45 4.68305e+06
46 4.37065e+06
47 4.02047e+06
48 3.6962e+06
49 3.43829e+06
50 3.19899e+06
51 2.93221e+06
52 2.72366e+06
53 2.51985e+06
54 2.32912e+06
55 2.14323e+06
56 1.9609e+06
57 1.7856e+06
58 1.63745e+06
59 1.48715e+06
60 1.34811e+06
61 1.21947e+06
62 1.10333e+06
63 996621
64 900293
65 811819
66 732504
67 662241
68 599396
69 544113
70 496589
71 459490
72 428074
73 400627
74 378997
75 363377
76 354270
77 349555
78 347729
79 347390
